    0.1834   -0.2699    0.1951   -0.0610   -0.0022
    0.2216   -0.3485    0.2561   -0.0910   -0.0018
    0.2703   -0.4167    0.3092   -0.1101   -0.0011
    0.3214   -0.4916    0.3670   -0.1280    0.0046
    0.3633   -0.5672    0.4246   -0.1538    0.0038
    0.4114   -0.6524    0.4900   -0.1834    0.0030
    0.4550   -0.7222    0.5591   -0.2144    0.0226
    0.4991   -0.7831    0.5983   -0.2212    0.0196
    0.5487   -0.8674    0.6753   -0.2571    0.0308
    0.5929   -0.9381    0.7361   -0.2777    0.0375
    0.6395   -1.0139    0.7922   -0.3008    0.0409
    0.6947   -1.1084    0.8780   -0.3414    0.0550
    0.7249   -1.1567    0.9130   -0.3440    0.0484
    0.7578   -1.2208    0.9735   -0.3652    0.0462
    0.7897   -1.2885    1.0352   -0.3894    0.0427
    0.8244   -1.3528    1.0957   -0.4108    0.0415
    0.8586   -1.4202    1.1582   -0.4344    0.0400
    0.8942   -1.4970    1.2452   -0.4828    0.0519
    0.9286   -1.5734    1.3337   -0.5342    0.0654
    0.9626   -1.6498    1.4236   -0.5874    0.0802
    0.9961   -1.7260    1.5144   -0.6424    0.0960
    1.0290   -1.8019    1.6060   -0.6987    0.1127
    1.0615   -1.8773    1.6981   -0.7563    0.1303
    1.0935   -1.9524    1.7906   -0.8147    0.1485
    1.1250   -2.0269    1.8833   -0.8740    0.1673
    1.1560   -2.1010    1.9761   -0.9339    0.1866
    1.1650   -2.1225    2.0033   -0.9516    0.1923
    1.1650   -2.1225    2.0033   -0.9516    0.1923
    1.1650   -2.1225    2.0033   -0.9516    0.1923
    1.1650   -2.1225    2.0033   -0.9516    0.1923
    1.1650   -2.1225    2.0033   -0.9516    0.1923
    1.1650   -2.1225    2.0033   -0.9516    0.1923
    1.1650   -2.1225    2.0033   -0.9516    0.1923
    1.1650   -2.1225    2.0033   -0.9516    0.1923
    1.1650   -2.1225    2.0033   -0.9516    0.1923
    1.1650   -2.1225    2.0033   -0.9516    0.1923
    1.1650   -2.1225    2.0033   -0.9516    0.1923
    1.1650   -2.1225    2.0033   -0.9516    0.1923
    1.1650   -2.1225    2.0033   -0.9516    0.1923
    1.1650   -2.1225    2.0033   -0.9516    0.1923
    1.1650   -2.1225    2.0033   -0.9516    0.1923
    1.1650   -2.1225    2.0033   -0.9516    0.1923
    1.1650   -2.1225    2.0033   -0.9516    0.1923
    1.1650   -2.1225    2.0033   -0.9516    0.1923
    1.1650   -2.1225    2.0033   -0.9516    0.1923
    1.1650   -2.1225    2.0033   -0.9516    0.1923
    1.1650   -2.1225    2.0033   -0.9516    0.1923