    0.1834   -0.2699    0.1951   -0.0610   -0.0022
    0.2145   -0.3310    0.2287   -0.0727   -0.0153
    0.2736   -0.4153    0.3075   -0.1043    0.0028
    0.3245   -0.5064    0.3940   -0.1489    0.0169
    0.3652   -0.5622    0.4232   -0.1502    0.0086
    0.4015   -0.6304    0.4681   -0.1690    0.0005
    0.4659   -0.7145    0.5390   -0.1917    0.0111
    0.5017   -0.7925    0.6168   -0.2348    0.0281
    0.5473   -0.8809    0.6877   -0.2641    0.0333
    0.5986   -0.9399    0.7330   -0.2772    0.0352
    0.6534   -1.0306    0.8109   -0.3043    0.0399
    0.6817   -1.0862    0.8520   -0.3231    0.0445
    0.7121   -1.1507    0.9083   -0.3453    0.0459
    0.7573   -1.2223    0.9743   -0.3662    0.0452
    0.7914   -1.2877    1.0348   -0.3882    0.0437
    0.8251   -1.3534    1.0960   -0.4108    0.0419
    0.8589   -1.4210    1.1592   -0.4348    0.0402
    0.8942   -1.4970    1.2452   -0.4828    0.0519
    0.9286   -1.5734    1.3337   -0.5342    0.0654
    0.9626   -1.6498    1.4236   -0.5874    0.0802
    0.9961   -1.7260    1.5144   -0.6424    0.0960
    1.0290   -1.8019    1.6060   -0.6987    0.1127
    1.0615   -1.8773    1.6981   -0.7563    0.1303
    1.0935   -1.9524    1.7906   -0.8147    0.1485
    1.1250   -2.0269    1.8833   -0.8740    0.1673
    1.1560   -2.1010    1.9761   -0.9339    0.1866
    1.1650   -2.1225    2.0033   -0.9516    0.1923
    1.1650   -2.1225    2.0033   -0.9516    0.1923
    1.1650   -2.1225    2.0033   -0.9516    0.1923
    1.1650   -2.1225    2.0033   -0.9516    0.1923
    1.1650   -2.1225    2.0033   -0.9516    0.1923
    1.1650   -2.1225    2.0033   -0.9516    0.1923
    1.1650   -2.1225    2.0033   -0.9516    0.1923
    1.1650   -2.1225    2.0033   -0.9516    0.1923
    1.1650   -2.1225    2.0033   -0.9516    0.1923
    1.1650   -2.1225    2.0033   -0.9516    0.1923
    1.1650   -2.1225    2.0033   -0.9516    0.1923
    1.1650   -2.1225    2.0033   -0.9516    0.1923
    1.1650   -2.1225    2.0033   -0.9516    0.1923
    1.1650   -2.1225    2.0033   -0.9516    0.1923
    1.1650   -2.1225    2.0033   -0.9516    0.1923
    1.1650   -2.1225    2.0033   -0.9516    0.1923
    1.1650   -2.1225    2.0033   -0.9516    0.1923
    1.1650   -2.1225    2.0033   -0.9516    0.1923
    1.1650   -2.1225    2.0033   -0.9516    0.1923
    1.1650   -2.1225    2.0033   -0.9516    0.1923
    1.1650   -2.1225    2.0033   -0.9516    0.1923